"sampleID"	"month"	"subplot"	"x"	"y"	"OTU_all_taxa"
1	"April"	1	0.835	8.75	20
2	"April"	1	0.835	8.25	20
3	"April"	2	2.505	8.75	23
4	"April"	2	2.505	8.25	22
5	"April"	3	3.68	9.75	20
6	"April"	3	3.68	9.25	20
7	"April"	4	5.845	9.75	24
8	"April"	4	5.845	9.25	16
9	"April"	5	7.515	9.75	19
10	"April"	5	7.515	9.25	21
11	"April"	6	9.185	8.75	19
12	"April"	6	9.185	8.25	22
13	"April"	7	0.835	7.75	19
14	"April"	7	0.835	7.25	19
15	"April"	8	3	6.75	18
16	"April"	8	3	6.25	21
17	"April"	9	3.68	6.75	21
18	"April"	9	3.68	6.25	18
19	"April"	10	6.34	7.75	17
20	"April"	10	6.34	7.25	25
21	"April"	11	7.515	7.75	21
22	"April"	11	7.515	7.25	22
23	"April"	12	9.185	6.75	17
24	"April"	12	9.185	6.25	21
25	"April"	13	0.34	5.75	26
26	"April"	13	0.34	5.25	31
27	"April"	14	2.505	5.75	23
28	"April"	14	2.505	5.25	22
29	"April"	15	3.68	5.75	25
30	"April"	15	3.68	5.25	24
31	"April"	16	5.35	5.75	29
32	"April"	16	5.35	5.25	23
33	"April"	17	7.515	5.75	19
34	"April"	17	7.515	5.25	19
35	"April"	18	9.68	5.75	37
36	"April"	18	9.68	5.25	27
37	"April"	19	1.33	2.75	23
38	"April"	19	1.33	2.25	14
39	"April"	20	3	2.75	20
40	"April"	20	3	2.25	22
41	"April"	21	3.68	3.75	21
42	"April"	21	3.68	3.25	20
43	"April"	22	5.35	3.75	22
44	"April"	22	5.35	3.25	20
45	"April"	23	7.02	2.75	23
46	"April"	23	7.02	2.25	23
47	"April"	24	9.68	2.75	21
48	"April"	24	9.68	2.25	24
49	"April"	25	0.34	0.75	16
50	"April"	25	0.34	0.25	19
51	"April"	26	3	0.75	18
52	"April"	26	3	0.25	20
53	"April"	27	4.67	1.75	19
54	"April"	27	4.67	1.25	18
55	"April"	28	6.34	1.75	17
56	"April"	28	6.34	1.25	20
57	"April"	29	7.515	1.75	22
58	"April"	29	7.515	1.25	12
59	"April"	30	8.69	1.75	20
60	"April"	30	8.69	1.25	27
61	"May"	1	1.33	8.75	22
62	"May"	1	1.33	8.25	23
63	"May"	2	3	8.75	23
64	"May"	2	3	8.25	23
65	"May"	3	4.175	8.75	21
66	"May"	3	4.175	8.25	22
67	"May"	4	6.34	8.75	21
68	"May"	4	6.34	8.25	19
69	"May"	5	7.02	8.75	23
70	"May"	5	7.02	8.25	22
71	"May"	6	9.185	9.75	28
72	"May"	6	9.185	9.25	24
73	"May"	7	1.33	7.75	19
74	"May"	7	1.33	7.25	22
75	"May"	8	3	7.75	21
76	"May"	8	3	7.25	22
77	"May"	9	4.67	7.75	20
78	"May"	9	4.67	7.25	18
79	"May"	10	5.35	7.75	24
80	"May"	10	5.35	7.25	24
81	"May"	11	7.02	7.75	22
82	"May"	11	7.02	7.25	24
83	"May"	12	8.69	7.75	25
84	"May"	12	8.69	7.25	20
85	"May"	13	0.835	4.75	23
86	"May"	13	0.835	4.25	23
87	"May"	14	3	4.75	30
88	"May"	14	3	4.25	25
89	"May"	15	4.175	5.75	24
90	"May"	15	4.175	5.25	26
91	"May"	16	5.845	4.75	31
92	"May"	16	5.845	4.25	20
93	"May"	17	7.02	4.75	22
94	"May"	17	7.02	4.25	24
95	"May"	18	9.185	5.75	25
96	"May"	18	9.185	5.25	20
97	"May"	19	1.33	3.75	28
98	"May"	19	1.33	3.25	31
99	"May"	20	2.01	2.75	30
100	"May"	20	2.01	2.25	21
101	"May"	21	4.175	3.75	23
102	"May"	21	4.175	3.25	22
103	"May"	22	6.34	3.75	32
104	"May"	22	6.34	3.25	24
105	"May"	23	7.515	2.75	29
106	"May"	23	7.515	2.25	15
107	"May"	24	9.185	2.75	32
108	"May"	24	9.185	2.25	22
109	"May"	25	0.835	0.75	23
110	"May"	25	0.835	0.25	25
111	"May"	26	2.505	0.75	18
112	"May"	26	2.505	0.25	23
113	"May"	27	4.67	0.75	23
114	"May"	27	4.67	0.25	27
115	"May"	28	5.845	0.75	19
116	"May"	28	5.845	0.25	21
117	"May"	29	8.01	1.75	17
118	"May"	29	8.01	1.25	23
119	"May"	30	8.69	0.75	23
120	"May"	30	8.69	0.25	20
121	"June"	1	0.835	9.75	28
122	"June"	1	0.835	9.25	31
123	"June"	2	3	9.75	23
124	"June"	2	3	9.25	25
125	"June"	3	4.67	8.75	18
126	"June"	3	4.67	8.25	25
127	"June"	4	6.34	9.75	26
128	"June"	4	6.34	9.25	17
129	"June"	5	7.515	8.75	30
130	"June"	5	7.515	8.25	29
131	"June"	6	9.68	9.75	23
132	"June"	6	9.68	9.25	24
133	"June"	7	1.33	6.75	19
134	"June"	7	1.33	6.25	24
135	"June"	8	2.505	7.75	27
136	"June"	8	2.505	7.25	23
137	"June"	9	4.175	6.75	18
138	"June"	9	4.175	6.25	26
139	"June"	10	5.845	7.75	25
140	"June"	10	5.845	7.25	31
141	"June"	11	7.02	6.75	21
142	"June"	11	7.02	6.25	19
143	"June"	12	9.68	6.75	27
144	"June"	12	9.68	6.25	30
145	"June"	13	0.34	4.75	26
146	"June"	13	0.34	4.25	29
147	"June"	14	2.505	4.75	24
148	"June"	14	2.505	4.25	29
149	"June"	15	4.67	5.75	25
150	"June"	15	4.67	5.25	28
151	"June"	16	5.35	4.75	35
152	"June"	16	5.35	4.25	23
153	"June"	17	7.02	5.75	25
154	"June"	17	7.02	5.25	31
155	"June"	18	9.68	4.75	26
156	"June"	18	9.68	4.25	27
157	"June"	19	0.34	2.75	38
158	"June"	19	0.34	2.25	20
159	"June"	20	2.01	3.75	24
160	"June"	20	2.01	3.25	32
161	"June"	21	4.175	2.75	25
162	"June"	21	4.175	2.25	35
163	"June"	22	6.34	2.75	32
164	"June"	22	6.34	2.25	36
165	"June"	23	7.515	3.75	33
166	"June"	23	7.515	3.25	28
167	"June"	24	9.185	3.75	29
168	"June"	24	9.185	3.25	37
169	"June"	25	1.33	0.75	18
170	"June"	25	1.33	0.25	16
171	"June"	26	2.505	1.75	19
172	"June"	26	2.505	1.25	20
173	"June"	27	4.175	1.75	21
174	"June"	27	4.175	1.25	17
175	"June"	28	5.35	1.75	24
176	"June"	28	5.35	1.25	20
177	"June"	29	7.02	0.75	24
178	"June"	29	7.02	0.25	14
179	"June"	30	9.185	0.75	21
180	"June"	30	9.185	0.25	24
181	"August"	1	1.33	9.75	28
182	"August"	1	1.33	9.25	23
183	"August"	2	2.505	9.75	29
184	"August"	2	2.505	9.25	20
185	"August"	3	3.68	8.75	30
186	"August"	3	3.68	8.25	26
187	"August"	4	5.35	8.75	23
188	"August"	4	5.35	8.25	26
189	"August"	5	8.01	9.75	27
190	"August"	5	8.01	9.25	22
191	"August"	6	8.69	8.75	23
192	"August"	6	8.69	8.25	22
193	"August"	7	0.34	7.75	22
194	"August"	7	0.34	7.25	24
195	"August"	8	2.505	6.75	28
196	"August"	8	2.505	6.25	22
197	"August"	9	4.175	7.75	19
198	"August"	9	4.175	7.25	18
199	"August"	10	6.34	6.75	18
200	"August"	10	6.34	6.25	13
201	"August"	11	7.515	6.75	21
202	"August"	11	7.515	6.25	13
203	"August"	12	8.69	6.75	19
204	"August"	12	8.69	6.25	18
205	"August"	13	1.33	5.75	27
206	"August"	13	1.33	5.25	31
207	"August"	14	3	5.75	20
208	"August"	14	3	5.25	18
209	"August"	15	4.67	4.75	23
210	"August"	15	4.67	4.25	33
211	"August"	16	5.845	5.75	28
212	"August"	16	5.845	5.25	21
213	"August"	17	8.01	4.75	23
214	"August"	17	8.01	4.25	25
215	"August"	18	8.69	4.75	30
216	"August"	18	8.69	4.25	25
217	"August"	19	0.34	3.75	29
218	"August"	19	0.34	3.25	25
219	"August"	20	2.505	2.75	24
220	"August"	20	2.505	2.25	30
221	"August"	21	4.67	2.75	17
222	"August"	21	4.67	2.25	27
223	"August"	22	5.845	3.75	21
224	"August"	22	5.845	3.25	30
225	"August"	23	8.01	3.75	21
226	"August"	23	8.01	3.25	21
227	"August"	24	8.69	2.75	23
228	"August"	24	8.69	2.25	18
229	"August"	25	0.835	1.75	19
230	"August"	25	0.835	1.25	11
231	"August"	26	2.01	0.75	12
232	"August"	26	2.01	0.25	15
233	"August"	27	3.68	1.75	19
234	"August"	27	3.68	1.25	25
235	"August"	28	5.845	1.75	19
236	"August"	28	5.845	1.25	17
237	"August"	29	7.02	1.75	19
238	"August"	29	7.02	1.25	22
239	"August"	30	9.68	1.75	25
240	"August"	30	9.68	1.25	21
241	"October"	1	0.34	9.75	25
242	"October"	1	0.34	9.25	31
243	"October"	2	2.01	9.75	36
244	"October"	2	2.01	9.25	28
245	"October"	3	4.175	9.75	35
246	"October"	3	4.175	9.25	27
247	"October"	4	5.35	9.75	27
248	"October"	4	5.35	9.25	33
249	"October"	5	7.02	9.75	24
250	"October"	5	7.02	9.25	34
251	"October"	6	8.69	9.75	32
252	"October"	6	8.69	9.25	34
253	"October"	7	0.835	6.75	25
254	"October"	7	0.835	6.25	28
255	"October"	8	2.01	7.75	26
256	"October"	8	2.01	7.25	33
257	"October"	9	4.67	6.75	25
258	"October"	9	4.67	6.25	31
259	"October"	10	5.35	6.75	29
260	"October"	10	5.35	6.25	23
261	"October"	11	8.01	7.75	28
262	"October"	11	8.01	7.25	33
263	"October"	12	9.68	7.75	25
264	"October"	12	9.68	7.25	26
265	"October"	13	0.835	5.75	33
266	"October"	13	0.835	5.25	34
267	"October"	14	2.01	4.75	36
268	"October"	14	2.01	4.25	41
269	"October"	15	3.68	4.75	39
270	"October"	15	3.68	4.25	32
271	"October"	16	6.34	4.75	33
272	"October"	16	6.34	4.25	34
273	"October"	17	8.01	5.75	38
274	"October"	17	8.01	5.25	28
275	"October"	18	8.69	5.75	30
276	"October"	18	8.69	5.25	32
277	"October"	19	0.835	2.75	33
278	"October"	19	0.835	2.25	26
279	"October"	20	3	3.75	32
280	"October"	20	3	3.25	42
281	"October"	21	3.68	2.75	35
282	"October"	21	3.68	2.25	33
283	"October"	22	5.845	2.75	39
284	"October"	22	5.845	2.25	35
285	"October"	23	7.02	3.75	39
286	"October"	23	7.02	3.25	39
287	"October"	24	8.69	3.75	36
288	"October"	24	8.69	3.25	28
289	"October"	25	1.33	1.75	26
290	"October"	25	1.33	1.25	45
291	"October"	26	2.01	1.75	26
292	"October"	26	2.01	1.25	29
293	"October"	27	3.68	0.75	29
294	"October"	27	3.68	0.25	32
295	"October"	28	5.35	0.75	25
296	"October"	28	5.35	0.25	28
297	"October"	29	7.515	0.75	25
298	"October"	29	7.515	0.25	29
299	"October"	30	9.68	0.75	23
300	"October"	30	9.68	0.25	26
301	"November"	1	0.34	8.75	24
302	"November"	1	0.34	8.25	26
303	"November"	2	2.01	8.75	20
304	"November"	2	2.01	8.25	18
305	"November"	3	4.67	9.75	20
306	"November"	3	4.67	9.25	25
307	"November"	4	5.845	8.75	22
308	"November"	4	5.845	8.25	17
309	"November"	5	8.01	8.75	18
310	"November"	5	8.01	8.25	18
311	"November"	6	9.68	8.75	23
312	"November"	6	9.68	8.25	17
313	"November"	7	0.34	6.75	21
314	"November"	7	0.34	6.25	24
315	"November"	8	2.01	6.75	16
316	"November"	8	2.01	6.25	27
317	"November"	9	3.68	7.75	21
318	"November"	9	3.68	7.25	21
319	"November"	10	5.845	6.75	21
320	"November"	10	5.845	6.25	18
321	"November"	11	8.01	6.75	21
322	"November"	11	8.01	6.25	20
323	"November"	12	9.185	7.75	29
324	"November"	12	9.185	7.25	22
325	"November"	13	1.33	4.75	32
326	"November"	13	1.33	4.25	27
327	"November"	14	2.01	5.75	29
328	"November"	14	2.01	5.25	24
329	"November"	15	4.175	4.75	26
330	"November"	15	4.175	4.25	23
331	"November"	16	6.34	5.75	28
332	"November"	16	6.34	5.25	18
333	"November"	17	7.515	4.75	15
334	"November"	17	7.515	4.25	16
335	"November"	18	9.185	4.75	24
336	"November"	18	9.185	4.25	21
337	"November"	19	0.835	3.75	38
338	"November"	19	0.835	3.25	32
339	"November"	20	2.505	3.75	16
340	"November"	20	2.505	3.25	22
341	"November"	21	4.67	3.75	22
342	"November"	21	4.67	3.25	27
343	"November"	22	5.35	2.75	24
344	"November"	22	5.35	2.25	25
345	"November"	23	8.01	2.75	25
346	"November"	23	8.01	2.25	28
347	"November"	24	9.68	3.75	31
348	"November"	24	9.68	3.25	27
349	"November"	25	0.34	1.75	19
350	"November"	25	0.34	1.25	17
351	"November"	26	3	1.75	22
352	"November"	26	3	1.25	18
353	"November"	27	4.175	0.75	24
354	"November"	27	4.175	0.25	29
355	"November"	28	6.34	0.75	27
356	"November"	28	6.34	0.25	27
357	"November"	29	8.01	0.75	26
358	"November"	29	8.01	0.25	27
359	"November"	30	9.185	1.75	24
360	"November"	30	9.185	1.25	22
